Wavelength(nm)      SolarFlux(mW/m^2/nm)
1.00000000e+00      6.71610470e-05      
1.37500000e+00      5.37268664e-05      
2.12500000e+00      5.16047981e-04      
2.87500000e+00      6.60604233e-04      
3.62500000e+00      4.87395623e-04      
4.12500000e+00      6.12045370e-04      
4.37500000e+00      6.74370243e-04      
4.62500000e+00      6.74370243e-04      
4.87500000e+00      6.74370243e-04      
5.12500000e+00      1.15910466e-03      
5.37500000e+00      1.15910466e-03      
5.62500000e+00      1.15910466e-03      
5.87500000e+00      1.15910466e-03      
6.12500000e+00      1.03097234e-03      
6.37500000e+00      1.03097234e-03      
6.62500000e+00      1.03097234e-03      
6.87500000e+00      1.03097234e-03      
7.12500000e+00      1.08222527e-03      
7.37500000e+00      1.08222527e-03      
7.62500000e+00      1.08222527e-03      
7.87500000e+00      1.08222527e-03      
8.12500000e+00      6.59487182e-04      
8.37500000e+00      6.59487182e-04      
8.62500000e+00      6.59487182e-04      
8.87500000e+00      6.59487182e-04      
9.12500000e+00      7.40111979e-04      
9.37500000e+00      7.40111979e-04      
9.62500000e+00      7.40111979e-04      
9.87500000e+00      7.40111979e-04      
1.01250000e+01      2.57053142e-04      
1.03750000e+01      2.57053142e-04      
1.06250000e+01      2.57053142e-04      
1.08750000e+01      2.57053142e-04      
1.11250000e+01      1.84214847e-04      
1.13750000e+01      1.84214847e-04      
1.16250000e+01      1.84214847e-04      
1.18750000e+01      1.84214847e-04      
1.21000000e+01      1.19464539e-04      
1.23000001e+01      1.15417649e-04      
1.25000001e+01      1.15417649e-04      
1.27000002e+01      1.15417649e-04      
1.31125002e+01      1.12106870e-04      
1.37375002e+01      1.30773888e-04      
1.43625002e+01      3.53842323e-04      
1.49875002e+01      3.88078014e-04      
1.55875002e+01      4.26779181e-04      
1.61625003e+01      5.46957933e-04      
1.67375003e+01      6.66957717e-04      
1.73125004e+01      2.57250268e-03      
1.79625003e+01      1.96352413e-03      
1.86875002e+01      1.28693110e-03      
1.94125001e+01      1.32271977e-03      
2.01375000e+01      8.58357358e-04      
2.08250000e+01      6.08577826e-04      
2.14750001e+01      4.95576379e-04      
2.21250002e+01      6.34300530e-04      
2.27750003e+01      6.10009927e-04      
2.35875003e+01      3.93542835e-04      
2.45625002e+01      9.06861015e-04      
2.55375001e+01      1.42509664e-03      
2.65125000e+01      4.83847344e-04      
2.71250000e+01      6.96515576e-04      
2.73750000e+01      8.50700025e-04      
2.76250000e+01      8.50700025e-04      
2.78750000e+01      8.88725754e-04      
2.82500000e+01      1.04082867e-03      
2.87500000e+01      1.04082867e-03      
2.92500000e+01      2.97759793e-04      
2.97500000e+01      2.97759793e-04      
3.02500000e+01      6.31790889e-03      
3.07500000e+01      6.31790889e-03      
3.12500000e+01      1.22711335e-03      
3.17500000e+01      1.22711335e-03      
3.22500000e+01      1.70415982e-03      
3.27500000e+01      1.70415982e-03      
3.32500000e+01      1.67360519e-03      
3.37500000e+01      1.67360519e-03      
3.42500000e+01      7.15569712e-04      
3.47500000e+01      7.15569712e-04      
3.52500000e+01      6.15626504e-04      
3.57500000e+01      6.15626504e-04      
3.61250000e+01      7.90596112e-04      
3.63750000e+01      8.34338514e-04      
3.66250000e+01      8.34338514e-04      
3.68750000e+01      6.02090474e-04      
3.73750000e+01      1.37594396e-04      
3.81250000e+01      8.51981348e-05      
3.88750000e+01      5.88817281e-05      
3.96250000e+01      5.86451761e-05      
4.03750000e+01      9.83563382e-05      
4.11250000e+01      1.61443435e-04      
4.18750000e+01      1.44569394e-04      
4.26250000e+01      4.77342164e-05      
4.33750000e+01      1.11277990e-04      
4.41250000e+01      6.62016974e-05      
4.48750000e+01      4.53949803e-05      
4.56250000e+01      4.88578383e-05      
4.62500000e+01      1.62429068e-04      
4.67500000e+01      1.76625472e-04      
4.72500000e+01      7.01376593e-05      
4.77500000e+01      7.01376593e-05      
4.82500000e+01      1.16797536e-04      
4.87500000e+01      1.16797536e-04      
4.92500000e+01      4.15838652e-04      
4.97500000e+01      4.15838652e-04      
5.02500000e+01      1.69430349e-04      
5.07500000e+01      1.69430349e-04      
5.12500000e+01      5.80636525e-05      
5.17500000e+01      5.80636525e-05      
5.22500000e+01      1.02308727e-04      
5.27500000e+01      1.02308727e-04      
5.32500000e+01      7.54009407e-05      
5.37500000e+01      7.54009407e-05      
5.42500000e+01      4.86015737e-05      
5.47500000e+01      4.86015737e-05      
5.52500000e+01      2.17627813e-04      
5.57500000e+01      2.17627813e-04      
5.62500000e+01      6.63528278e-05      
5.67500000e+01      6.63528278e-05      
5.72500000e+01      6.61064195e-05      
5.77500000e+01      6.61064195e-05      
5.82500000e+01      3.74442057e-04      
5.87500000e+01      3.74442057e-04      
5.92500000e+01      7.81410010e-05      
5.97500000e+01      7.81410010e-05      
6.02500000e+01      3.21414990e-04      
6.07500000e+01      3.21414990e-04      
6.12500000e+01      9.77353893e-05      
6.17500000e+01      9.77353893e-05      
6.21250000e+01      3.59078007e-04      
6.23750000e+01      4.24413661e-04      
6.26250000e+01      4.24413661e-04      
6.28750000e+01      2.65923840e-04      
6.36250000e+01      8.67036895e-05      
6.48750000e+01      2.24507533e-05      
6.61250000e+01      1.80390590e-05      
6.73750000e+01      1.75048458e-05      
6.83750000e+01      5.45646546e-05      
6.91250000e+01      5.02705792e-05      
6.98750000e+01      6.92571603e-05      
7.06250000e+01      1.17684605e-04      
7.13750000e+01      5.15584733e-05      
7.21250000e+01      4.31345948e-05      
7.28750000e+01      4.28520466e-05      
7.36250000e+01      5.07108287e-05      
7.43750000e+01      6.24891456e-05      
7.51250000e+01      8.42584978e-05      
7.58750000e+01      1.43363636e-04      
7.66250000e+01      2.39804560e-04      
7.71250000e+01      2.27254164e-04      
7.73750000e+01      2.20978966e-04      
7.76250000e+01      2.20978966e-04      
7.78750000e+01      2.20978966e-04      
7.81250000e+01      3.07911815e-04      
7.83750000e+01      3.07911815e-04      
7.86250000e+01      3.07911815e-04      
7.88750000e+01      3.07911815e-04      
7.91250000e+01      1.43902449e-04      
7.93750000e+01      1.43902449e-04      
7.96250000e+01      1.43902449e-04      
7.98750000e+01      1.45610880e-04      
8.03750000e+01      1.49027742e-04      
8.11250000e+01      1.62563771e-04      
8.18750000e+01      1.96305281e-04      
8.26250000e+01      2.50252272e-04      
8.30749998e+01      3.37332828e-04      
8.32249994e+01      4.24413661e-04      
8.33749990e+01      4.24413661e-04      
8.35249987e+01      4.24413661e-04      
8.38999987e+01      3.77790968e-04      
8.44999990e+01      3.10770152e-04      
8.50999994e+01      3.34293894e-04      
8.56999998e+01      3.46055821e-04      
8.60625000e+01      3.56720873e-04      
8.61875000e+01      3.66852681e-04      
8.63125000e+01      3.66852681e-04      
8.64375000e+01      3.66852681e-04      
8.65625000e+01      3.66852681e-04      
8.66875000e+01      3.66852681e-04      
8.68125000e+01      3.66852681e-04      
8.69375000e+01      3.66852681e-04      
8.70625000e+01      4.36635513e-04      
8.71875000e+01      4.36635513e-04      
8.73125000e+01      4.36635513e-04      
8.74375000e+01      4.36635513e-04      
8.75625000e+01      4.36635513e-04      
8.76875000e+01      4.36635513e-04      
8.78125000e+01      4.36635513e-04      
8.79375000e+01      4.36635513e-04      
8.80625000e+01      4.99026095e-04      
8.81875000e+01      4.99026095e-04      
8.83125000e+01      4.99026095e-04      
8.84375000e+01      4.99026095e-04      
8.85625000e+01      4.99026095e-04      
8.86875000e+01      4.99026095e-04      
8.88125000e+01      4.99026095e-04      
8.89375000e+01      4.99026095e-04      
8.90625000e+01      6.06952932e-04      
8.91875000e+01      6.06952932e-04      
8.93125000e+01      6.06952932e-04      
8.94375000e+01      6.06952932e-04      
8.95625000e+01      6.06952932e-04      
8.96875000e+01      6.06952932e-04      
8.98125000e+01      6.06952932e-04      
8.99375000e+01      6.06952932e-04      
9.00625000e+01      7.14781205e-04      
9.01875000e+01      7.14781205e-04      
9.03125000e+01      7.14781205e-04      
9.04375000e+01      7.14781205e-04      
9.05749998e+01      7.14781205e-04      
9.07249994e+01      7.14781205e-04      
9.08749990e+01      7.14781205e-04      
9.10249987e+01      6.07590600e-04      
9.11499987e+01      5.46336489e-04      
9.12499990e+01      5.46336489e-04      
9.13499994e+01      5.46336489e-04      
9.14499998e+01      5.46336489e-04      
9.15625000e+01      5.46336489e-04      
9.16875000e+01      5.46336489e-04      
9.18125000e+01      5.46336489e-04      
9.19375000e+01      5.46336489e-04      
9.20375004e+01      2.45238530e-04      
9.21125011e+01      1.95056813e-04      
9.21875019e+01      1.95056813e-04      
9.22625027e+01      1.95056813e-04      
9.23500023e+01      1.95056813e-04      
9.24500008e+01      1.95056813e-04      
9.25499992e+01      1.95056813e-04      
9.26499977e+01      1.95056813e-04      
9.27374973e+01      1.95056813e-04      
9.28124981e+01      1.95056813e-04      
9.28874989e+01      1.95056813e-04      
9.29624996e+01      1.95056813e-04      
9.30375004e+01      1.70711672e-04      
9.31125011e+01      1.70711672e-04      
9.31875019e+01      1.70711672e-04      
9.32625027e+01      1.70711672e-04      
9.33625031e+01      1.70711672e-04      
9.34875031e+01      1.70711672e-04      
9.36125031e+01      1.70711672e-04      
9.37375031e+01      1.70711672e-04      
9.38500023e+01      1.70711672e-04      
9.39500008e+01      1.70711672e-04      
9.40499992e+01      1.21725702e-04      
9.41499977e+01      1.21725702e-04      
9.42749977e+01      1.21725702e-04      
9.44249992e+01      1.21725702e-04      
9.45750008e+01      1.21725702e-04      
9.47250023e+01      1.21725702e-04      
9.48375025e+01      1.21725702e-04      
9.49125013e+01      1.21725702e-04      
9.49875002e+01      1.04500119e-04      
9.50624990e+01      7.00489523e-05      
9.51374989e+01      7.00489523e-05      
9.52124996e+01      7.00489523e-05      
9.52875004e+01      7.00489523e-05      
9.53625011e+01      7.00489523e-05      
9.54250011e+01      7.00489523e-05      
9.54750004e+01      7.00489523e-05      
9.55249996e+01      7.00489523e-05      
9.55749989e+01      7.00489523e-05      
9.56124983e+01      7.00489523e-05      
9.56374979e+01      7.00489523e-05      
9.56624975e+01      7.00489523e-05      
9.56874971e+01      7.00489523e-05      
9.57499971e+01      7.00489523e-05      
9.58499975e+01      7.00489523e-05      
9.59499979e+01      7.00489523e-05      
9.60499983e+01      7.28382443e-05      
9.61624985e+01      7.28382943e-05      
9.62874985e+01      7.28382943e-05      
9.64124985e+01      7.28382943e-05      
9.65374985e+01      7.28382943e-05      
9.66124983e+01      7.28382943e-05      
9.66374979e+01      7.28382943e-05      
9.66624975e+01      7.28382943e-05      
9.66874971e+01      7.28382943e-05      
9.67499971e+01      7.28382943e-05      
9.68499975e+01      7.28382943e-05      
9.69499979e+01      7.28382943e-05      
9.70499983e+01      1.30791171e-03      
9.71499987e+01      1.30793527e-03      
9.72499990e+01      1.30793527e-03      
9.73499994e+01      1.30793527e-03      
9.74499998e+01      1.30793527e-03      
9.75625000e+01      1.30793527e-03      
9.76875000e+01      1.30793527e-03      
9.78125000e+01      1.30793527e-03      
9.79375000e+01      1.30793527e-03      
9.80625000e+01      1.48337798e-04      
9.81875000e+01      1.48337798e-04      
9.83125000e+01      1.48337798e-04      
9.84375000e+01      1.48337798e-04      
9.85124998e+01      1.48337798e-04      
9.85374994e+01      1.48337798e-04      
9.85624990e+01      1.48337798e-04      
9.85874987e+01      1.48337798e-04      
9.86249990e+01      1.48337798e-04      
9.86750002e+01      1.48337798e-04      
9.87250013e+01      1.48337798e-04      
9.87750025e+01      1.48337798e-04      
9.88375025e+01      1.48337798e-04      
9.89125013e+01      1.48337798e-04      
9.89875002e+01      1.75179876e-04      
9.90624990e+01      2.28864032e-04      
9.91249990e+01      2.28864032e-04      
9.91750002e+01      2.28864032e-04      
9.92250013e+01      2.28864032e-04      
9.92750025e+01      2.28864032e-04      
9.93875029e+01      2.28864032e-04      
9.95625025e+01      2.28864032e-04      
9.97375021e+01      2.28864032e-04      
9.99125017e+01      1.77426735e-04      
1.00300001e+02      9.27086599e-05      
1.00900002e+02      9.75185861e-05      
1.01500002e+02      1.07138330e-04      
1.02100002e+02      6.25808997e-04      
1.02475001e+02      9.86618845e-04      
1.02625001e+02      9.86618845e-04      
1.02775001e+02      9.86618845e-04      
1.02925000e+02      9.86618845e-04      
1.03062500e+02      1.01665721e-03      
1.03187500e+02      1.01815911e-03      
1.03312500e+02      1.01815911e-03      
1.03437500e+02      1.01815911e-03      
1.03625000e+02      1.01815911e-03      
1.03875000e+02      1.01815911e-03      
1.04125000e+02      1.47844982e-04      
1.04375000e+02      1.47844982e-04      
1.04650000e+02      1.47844982e-04      
1.04949999e+02      1.40288557e-04      
1.05249998e+02      1.25175418e-04      
1.05549997e+02      1.25175418e-04      
1.05862497e+02      1.24703904e-04      
1.06187498e+02      1.19163055e-04      
1.06512499e+02      1.19163055e-04      
1.06837500e+02      1.19163055e-04      
1.07125000e+02      1.25947874e-04      
1.07375000e+02      1.26456741e-04      
1.07625000e+02      1.26456741e-04      
1.07875000e+02      1.26456741e-04      
1.08125000e+02      2.12108267e-04      
1.08375000e+02      2.12108267e-04      
1.08625000e+02      2.12108267e-04      
1.08875000e+02      2.12108267e-04      
1.09125000e+02      1.42719689e-04      
1.09375000e+02      1.42719689e-04      
1.09625000e+02      1.42719689e-04      
1.09875000e+02      1.42719689e-04      
1.10125000e+02      1.52181768e-04      
1.10375000e+02      1.52181768e-04      
1.10625000e+02      1.52181768e-04      
1.10875000e+02      1.52181768e-04      
1.11013889e+02      1.47483557e-04      
1.11041667e+02      1.38087213e-04      
1.11069445e+02      1.38087213e-04      
1.11097223e+02      1.38087213e-04      
1.11222223e+02      1.38087213e-04      
1.11444445e+02      1.38087213e-04      
1.11666667e+02      1.38087213e-04      
1.11888889e+02      1.38523285e-04      
1.12125000e+02      1.52477458e-04      
1.12375000e+02      1.52477458e-04      
1.12625000e+02      1.52477458e-04      
1.12875000e+02      1.52477458e-04      
1.13125000e+02      1.17487479e-04      
1.13375000e+02      1.17487479e-04      
1.13625000e+02      1.17487479e-04      
1.13875000e+02      1.17487479e-04      
1.14125000e+02      7.94913185e-05      
1.14375000e+02      7.94913185e-05      
1.14625000e+02      7.94913185e-05      
1.14875000e+02      7.94913185e-05      
1.15087500e+02      1.25650683e-04      
1.15262499e+02      1.30596401e-04      
1.15437498e+02      1.30596401e-04      
1.15612497e+02      1.30596401e-04      
1.15774998e+02      1.30596401e-04      
1.15924999e+02      1.30596401e-04      
1.16075001e+02      1.47647855e-04      
1.16225002e+02      1.47647855e-04      
1.16387503e+02      1.47647855e-04      
1.16562502e+02      1.47647855e-04      
1.16737501e+02      1.47647855e-04      
1.16912500e+02      1.47647855e-04      
1.17075000e+02      6.16967204e-04      
1.17224999e+02      6.36521928e-04      
1.17374999e+02      6.36521928e-04      
1.17524999e+02      6.36521928e-04      
1.17687499e+02      6.36521928e-04      
1.17862500e+02      6.36521928e-04      
1.18037501e+02      3.00558878e-04      
1.18212502e+02      1.66177759e-04      
1.18387503e+02      1.66177759e-04      
1.18562502e+02      1.66177759e-04      
1.18737501e+02      1.66177759e-04      
1.18912500e+02      1.79657994e-04      
1.19100000e+02      5.57079891e-04      
1.19300001e+02      5.57079891e-04      
1.19500002e+02      5.57079891e-04      
1.19700003e+02      5.42848718e-04      
1.19887503e+02      6.06389766e-04      
1.20062502e+02      6.06149516e-04      
1.20237501e+02      5.47238735e-04      
1.20412500e+02      1.60914824e-03      
1.20587500e+02      4.05334431e-03      
1.20762499e+02      2.98634626e-03      
1.20937498e+02      1.08853989e-03      
1.21112497e+02      2.21523193e-03      
1.21299997e+02      5.56570657e-02      
1.21499998e+02      2.29675982e-01      
1.21699999e+02      1.51739405e-01      
1.21900000e+02      1.56581508e-02      
1.22087500e+02      1.49767042e-03      
1.22262499e+02      7.01857664e-04      
1.22437498e+02      5.04589055e-04      
1.22612497e+02      4.25172240e-04      
1.22799997e+02      3.96018342e-04      
1.22999998e+02      3.45526588e-04      
1.23199999e+02      3.06433484e-04      
1.23400000e+02      2.95302094e-04      
1.23587500e+02      3.38139798e-04      
1.23762499e+02      6.07401652e-04      
1.23937498e+02      6.48294902e-04      
1.24112497e+02      4.85598567e-04      
1.24299997e+02      4.61303300e-04      
1.24499998e+02      2.79798041e-04      
1.24699999e+02      2.29233666e-04      
1.24900000e+02      2.28703860e-04      
1.25100000e+02      2.36736825e-04      
1.25300001e+02      2.81817492e-04      
1.25500002e+02      3.03710475e-04      
1.25700003e+02      3.33983129e-04      
1.25900002e+02      5.17718299e-04      
1.26100001e+02      4.93739270e-04      
1.26300000e+02      4.89108159e-04      
1.26499999e+02      7.89936256e-04      
1.26699999e+02      4.04111695e-04      
1.26900000e+02      1.83882327e-04      
1.27100000e+02      1.72387245e-04      
1.27300001e+02      1.95833311e-04      
1.27500001e+02      2.80745584e-04      
1.27700000e+02      3.11102832e-04      
1.27899999e+02      2.89246646e-04      
1.28099998e+02      2.23899921e-04      
1.28299997e+02      1.54695551e-04      
1.28499998e+02      1.47758570e-04      
1.28699999e+02      2.14202160e-04      
1.28900000e+02      2.64857640e-04      
1.29112499e+02      1.91931242e-04      
1.29337498e+02      1.92263405e-04      
1.29562496e+02      2.63535885e-04      
1.29787495e+02      3.03234185e-04      
1.29999994e+02      8.24893436e-04      
1.30199995e+02      1.93798036e-03      
1.30399996e+02      2.81876625e-03      
1.30599997e+02      2.73279580e-03      
1.30812498e+02      9.28151185e-04      
1.31037500e+02      4.72545074e-04      
1.31262503e+02      2.90399018e-04      
1.31487505e+02      2.53255261e-04      
1.31700005e+02      3.08847251e-04      
1.31900002e+02      2.83590815e-04      
1.32099998e+02      2.01771550e-04      
1.32299995e+02      2.14989939e-04      
1.32512495e+02      2.17670301e-04      
1.32737497e+02      2.65079312e-04      
1.32962500e+02      3.18173284e-04      
1.33187502e+02      9.29666386e-04      
1.33412502e+02      5.20078043e-03      
1.33637501e+02      4.07218356e-03      
1.33862499e+02      4.73193373e-04      
1.34087498e+02      2.07289550e-04      
1.34312498e+02      2.11933049e-04      
1.34537500e+02      2.14911868e-04      
1.34762503e+02      2.30989387e-04      
1.34987505e+02      3.46080994e-04      
1.35212505e+02      4.20678882e-04      
1.35437504e+02      5.18972205e-04      
1.35662502e+02      5.76637978e-04      
1.35887501e+02      4.47935304e-04      
1.36125000e+02      3.39229594e-04      
1.36375000e+02      3.15087225e-04      
1.36625000e+02      2.90387257e-04      
1.36875000e+02      3.30834049e-04      
1.37112499e+02      3.75249218e-04      
1.37337498e+02      3.35970138e-04      
1.37562496e+02      2.95733988e-04      
1.37787495e+02      3.12825722e-04      
1.38024994e+02      3.49770570e-04      
1.38274994e+02      3.30680703e-04      
1.38524994e+02      3.27554843e-04      
1.38774994e+02      3.52603085e-04      
1.39137495e+02      1.18083009e-03      
1.39612497e+02      1.03696478e-03      
1.40087500e+02      1.02810228e-03      
1.40562502e+02      7.42851565e-04      
1.41050003e+02      4.97728725e-04      
1.41550003e+02      4.94615311e-04      
1.42050003e+02      4.96271612e-04      
1.42550003e+02      6.07913259e-04      
1.42807146e+02      5.16906646e-04      
1.42821433e+02      4.99616728e-04      
1.42835719e+02      4.97843335e-04      
1.42850006e+02      5.12053576e-04      
1.43112505e+02      6.37113749e-04      
1.43623216e+02      6.00878760e-04      
1.44133927e+02      5.72445958e-04      
1.44644638e+02      6.03006467e-04      
1.45162495e+02      6.05116122e-04      
1.45687496e+02      6.53502843e-04      
1.46212498e+02      7.11091751e-04      
1.46737499e+02      8.43709850e-04      
1.47275000e+02      1.11567894e-03      
1.47824999e+02      8.32201151e-04      
1.48374998e+02      1.01494708e-03      
1.48924997e+02      8.78292531e-04      
1.49487497e+02      8.77896001e-04      
1.50062498e+02      9.50042920e-04      
1.50637499e+02      9.66181872e-04      
1.51212500e+02      1.05047070e-03      
1.51787500e+02      1.02013042e-03      
1.52362501e+02      1.28483872e-03      
1.52937502e+02      1.45170962e-03      
1.53512503e+02      1.59447708e-03      
1.54100002e+02      1.36249795e-03      
1.54700001e+02      3.40688759e-03      
1.55299999e+02      2.24285156e-03      
1.55899998e+02      2.41329429e-03      
1.56512497e+02      1.83051312e-03      
1.57137497e+02      2.02649938e-03      
1.57762497e+02      1.83671014e-03      
1.58387497e+02      1.79424206e-03      
1.59024998e+02      1.91381263e-03      
1.59674999e+02      1.83225450e-03      
1.60325001e+02      2.03176907e-03      
1.60975002e+02      2.37704598e-03      
1.61625002e+02      2.37992413e-03      
1.62275000e+02      2.76227501e-03      
1.62924997e+02      2.86098895e-03      
1.63574995e+02      3.16932639e-03      
1.64245829e+02      3.67362923e-03      
1.64937498e+02      2.98667054e-03      
1.65629167e+02      6.31679732e-03      
1.66320837e+02      3.89871767e-03      
1.66670837e+02      3.66637162e-03      
1.66679169e+02      3.63797218e-03      
1.66687500e+02      3.63797218e-03      
1.66695831e+02      3.76760784e-03      
1.67049997e+02      4.57929016e-03      
1.67749998e+02      4.11797524e-03      
1.68449999e+02      4.72977051e-03      
1.69150000e+02      5.76256903e-03      
1.69862499e+02      6.91933182e-03      
1.70587498e+02      7.24504872e-03      
1.71312496e+02      7.22064622e-03      
1.72037495e+02      7.85495674e-03      
1.72587494e+02      8.07414064e-03      
1.72962494e+02      7.45179415e-03      
1.73337494e+02      7.71920558e-03      
1.73712494e+02      8.22043533e-03      
1.74087494e+02      9.12825847e-03      
1.74462494e+02      9.86848969e-03      
1.74837494e+02      9.63100730e-03      
1.75212494e+02      1.10280817e-02      
1.75599995e+02      1.20065689e-02      
1.75999996e+02      1.25421789e-02      
1.76399998e+02      1.19341742e-02      
1.76799999e+02      1.34181592e-02      
1.77200001e+02      1.58428210e-02      
1.77600002e+02      1.42048220e-02      
1.78000004e+02      1.62069017e-02      
1.78400005e+02      1.64693217e-02      
1.78800005e+02      1.73434625e-02      
1.79200003e+02      1.70120128e-02      
1.79600000e+02      1.60725982e-02      
1.79999998e+02      1.78744523e-02      
1.80399998e+02      1.90972518e-02      
1.80799999e+02      2.31993313e-02      
1.81200001e+02      1.94034201e-02      
1.81600002e+02      2.94744452e-02      
1.82012503e+02      2.48679061e-02      
1.82437502e+02      2.45138540e-02      
1.82862501e+02      2.27942190e-02      
1.83287500e+02      2.47353371e-02      
1.83712500e+02      2.54345550e-02      
1.84137499e+02      2.27078339e-02      
1.84562498e+02      2.14613088e-02      
1.84987497e+02      2.05892934e-02      
1.85412497e+02      2.52936025e-02      
1.85837496e+02      2.62613548e-02      
1.86262495e+02      2.69037143e-02      
1.86687494e+02      2.96166276e-02      
1.87124994e+02      3.36128683e-02      
1.87574995e+02      3.26304962e-02      
1.88024996e+02      3.14416906e-02      
1.88474997e+02      3.55369803e-02      
1.88924997e+02      3.77442486e-02      
1.89374998e+02      4.05790723e-02      
1.89824999e+02      3.67438687e-02      
1.90275000e+02      3.91444181e-02      
1.90725000e+02      4.20454722e-02      
1.91175001e+02      4.23126892e-02      
1.91625002e+02      4.55285916e-02      
1.92075003e+02      4.78683030e-02      
1.92537502e+02      4.63662824e-02      
1.93012501e+02      3.91897909e-02      
1.93487499e+02      3.26120072e-02      
1.93962498e+02      4.79058284e-02      
1.94437498e+02      5.95861956e-02      
1.94912500e+02      6.02335821e-02      
1.95387503e+02      5.71532623e-02      
1.95862505e+02      5.96842321e-02      
1.96337505e+02      6.10621630e-02      
1.96812504e+02      7.11720521e-02      
1.97287502e+02      6.65208872e-02      
1.97762501e+02      6.44884438e-02      
1.98250000e+02      6.82503610e-02      
1.98750000e+02      6.29445082e-02      
1.99250000e+02      7.05319126e-02      
1.99750000e+02      7.14327820e-02      
2.00000000e+02      7.29920544e-02      
2.00000001e+02      7.31536970e-02      
2.00000002e+02      7.31536970e-02      
2.00000003e+02      7.34257655e-02      
2.00250003e+02      7.64996105e-02      
2.00750002e+02      7.92961783e-02      
2.01250001e+02      8.30573455e-02      
2.01750000e+02      8.67582389e-02      
2.02262501e+02      8.65189945e-02      
2.02787502e+02      8.70004898e-02      
2.03312504e+02      9.51530412e-02      
2.03837505e+02      9.82648812e-02      
2.04362505e+02      1.07695050e-01      
2.04887503e+02      1.10538292e-01      
2.05412500e+02      1.11638451e-01      
2.05937498e+02      1.11120291e-01      
2.06462498e+02      1.14408515e-01      
2.06987499e+02      1.23342129e-01      
2.07512501e+02      1.34287845e-01      
2.08037502e+02      1.39918886e-01      
2.08575003e+02      1.57645062e-01      
2.09125002e+02      1.93091914e-01      
2.09675001e+02      2.35250115e-01      
2.10225000e+02      2.70475104e-01      
2.10787500e+02      3.03098861e-01      
2.11362501e+02      3.34691255e-01      
2.11937502e+02      3.93593148e-01      
2.12512503e+02      2.99689988e-01      
2.13087503e+02      3.19409765e-01      
2.13662504e+02      3.37741849e-01      
2.14237505e+02      4.26422044e-01      
2.14812506e+02      4.05768018e-01      
2.15387505e+02      3.92669798e-01      
2.15962502e+02      3.39707016e-01      
2.16537498e+02      3.32146549e-01      
2.17112495e+02      3.35925105e-01      
2.17724995e+02      3.68523621e-01      
2.18374996e+02      4.87962848e-01      
2.19024998e+02      4.48010293e-01      
2.19674999e+02      5.07949632e-01      
2.20275000e+02      5.22203023e-01      
2.20824999e+02      4.40460165e-01      
2.21374998e+02      3.92683280e-01      
2.21924997e+02      4.31910743e-01      
2.22512497e+02      5.07560982e-01      
2.23137497e+02      5.99974797e-01      
2.23762497e+02      6.80711372e-01      
2.24387497e+02      5.94884288e-01      
2.25024998e+02      5.90545670e-01      
2.25674999e+02      5.17083003e-01      
2.26325001e+02      4.24882823e-01      
2.26975002e+02      3.44275648e-01      
2.27625002e+02      4.09946301e-01      
2.28275000e+02      5.40252088e-01      
2.28924997e+02      5.01320602e-01      
2.29574995e+02      4.87452840e-01      
2.30237495e+02      4.90817561e-01      
2.30912498e+02      5.55285911e-01      
2.31587502e+02      5.15482319e-01      
2.32262505e+02      5.54157936e-01      
2.32937506e+02      4.93619588e-01      
2.33612505e+02      4.42999785e-01      
2.34287504e+02      3.85682204e-01      
2.34962503e+02      4.35184910e-01      
2.35587884e+02      5.59395545e-01      
2.36163647e+02      4.88271557e-01      
2.36739410e+02      4.78469249e-01      
2.37315172e+02      5.30540279e-01      
2.37665173e+02      4.98643150e-01      
2.37789411e+02      5.45278015e-01      
2.37913649e+02      4.72545982e-01      
2.38037887e+02      3.93245947e-01      
2.38462505e+02      4.14128612e-01      
2.39187504e+02      4.70102339e-01      
2.39912502e+02      4.13967865e-01      
2.40637501e+02      3.98532526e-01      
2.41362499e+02      4.58563197e-01      
2.42087498e+02      6.80215862e-01      
2.42812496e+02      7.21019082e-01      
2.43537495e+02      6.65001327e-01      
2.44274994e+02      6.59200965e-01      
2.45024994e+02      5.42575681e-01      
2.45774994e+02      5.03783516e-01      
2.46524994e+02      4.97783461e-01      
2.47287495e+02      5.63584107e-01      
2.48062496e+02      5.11231001e-01      
2.48837498e+02      4.35539750e-01      
2.49612499e+02      6.04381785e-01      
2.50400000e+02      6.09867060e-01      
2.51199999e+02      5.24694001e-01      
2.51999998e+02      4.18465459e-01      
2.52799997e+02      4.30106498e-01      
2.53599997e+02      5.33749787e-01      
2.54399996e+02      5.89979467e-01      
2.55199995e+02      7.25213877e-01      
2.55999994e+02      8.80852921e-01      
2.56812496e+02      1.14353802e+00      
2.57637501e+02      1.24715389e+00      
2.58462505e+02      1.27250897e+00      
2.59287510e+02      1.19894798e+00      
2.60137512e+02      9.03318879e-01      
2.61012512e+02      8.17372594e-01      
2.61887512e+02      1.01465665e+00      
2.62762512e+02      1.04696752e+00      
2.63637512e+02      1.81645402e+00      
2.64512512e+02      2.54953332e+00      
2.65387512e+02      2.54659174e+00      
2.66262512e+02      2.58627287e+00      
2.67150009e+02      2.53301771e+00      
2.68050003e+02      2.55108193e+00      
2.68949997e+02      2.45016944e+00      
2.69849991e+02      2.54752164e+00      
2.70762489e+02      2.71608074e+00      
2.71687492e+02      2.16495735e+00      
2.72612495e+02      2.07373350e+00      
2.73537498e+02      2.10563601e+00      
2.74125601e+02      1.50984140e+00      
2.74376802e+02      1.28104242e+00      
2.74628003e+02      1.37585364e+00      
2.74879204e+02      1.31606474e+00      
2.75354202e+02      1.73307611e+00      
2.76052998e+02      2.27436033e+00      
2.76751794e+02      2.57599035e+00      
2.77450590e+02      2.49118426e+00      
2.78287491e+02      1.76393539e+00      
2.79262497e+02      1.05775299e+00      
2.80237503e+02      8.34478587e-01      
2.81212509e+02      1.75984904e+00      
2.82113240e+02      2.75773742e+00      
2.82939697e+02      3.20021464e+00      
2.83766153e+02      3.16480060e+00      
2.84592609e+02      2.53432990e+00      
2.85092609e+02      1.52943581e+00      
2.85266153e+02      1.12965588e+00      
2.85439697e+02      1.25049038e+00      
2.85613240e+02      1.86393025e+00      
2.86225010e+02      3.16181096e+00      
2.87275005e+02      3.59062215e+00      
2.88325001e+02      3.13830844e+00      
2.89374996e+02      4.53893924e+00      
2.90424995e+02      6.10541901e+00      
2.91474998e+02      5.90322832e+00      
2.92525002e+02      5.23614072e+00      
2.93575005e+02      5.47255138e+00      
2.94650005e+02      5.16535547e+00      
2.95750004e+02      5.72283658e+00      
2.96850002e+02      4.76836482e+00      
2.97950001e+02      5.24152120e+00      
2.99062500e+02      4.83683907e+00      
3.00187500e+02      4.44401339e+00      
3.01312500e+02      4.71408565e+00      
3.02437500e+02      4.81146600e+00      
3.03513304e+02      6.35345603e+00      
3.04539913e+02      6.11106747e+00      
3.05566522e+02      6.01242604e+00      
3.06593131e+02      5.73172709e+00      
3.07180632e+02      6.31021911e+00      
3.07329027e+02      6.37869514e+00      
3.07477421e+02      6.46889522e+00      
3.07625815e+02      6.33350553e+00      
3.08300011e+02      6.39843498e+00      
3.09500008e+02      5.17554772e+00      
3.10700005e+02      6.84256857e+00      
3.11900002e+02      7.04708308e+00      
3.13125000e+02      6.94978316e+00      
3.14375000e+02      6.91387437e+00      
3.15625000e+02      6.29856209e+00      
3.16875000e+02      7.30090099e+00      
3.18125000e+02      7.01484619e+00      
3.19375000e+02      7.19422749e+00      
3.20625000e+02      8.01004043e+00      
3.21875000e+02      7.15623803e+00      
3.23125000e+02      6.58034871e+00      
3.24375000e+02      7.69241856e+00      
3.25625000e+02      9.18382393e+00      
3.26875000e+02      9.89683545e+00      
3.27713409e+02      9.68448215e+00      
3.28140227e+02      9.33201696e+00      
3.28567045e+02      9.30749046e+00      
3.28993862e+02      9.96956058e+00      
3.29618862e+02      1.10995464e+01      
3.30442045e+02      1.03849998e+01      
3.31265227e+02      9.84319236e+00      
3.32088409e+02      9.81069984e+00      
3.33125000e+02      9.53584269e+00      
3.34375000e+02      9.72335364e+00      
3.35625000e+02      9.34442103e+00      
3.36875000e+02      8.24481085e+00      
3.37962972e+02      9.12922063e+00      
3.38888917e+02      9.68774806e+00      
3.39814862e+02      1.02141927e+01      
3.40740807e+02      1.00413247e+01      
3.41365807e+02      9.38646757e+00      
3.41689862e+02      9.22448841e+00      
3.42013917e+02      1.02337817e+01      
3.42337972e+02      9.99004728e+00      
3.42812500e+02      1.03795130e+01      
3.43437500e+02      1.01553456e+01      
3.44062500e+02      8.15619683e+00      
3.44687500e+02      8.94335342e+00      
3.46250000e+02      9.54624806e+00      
3.48750000e+02      9.15278358e+00      
3.51250000e+02      1.02691263e+01      
3.53750000e+02      1.06213053e+01      
3.56250000e+02      9.74575294e+00      
3.58750000e+02      8.71632824e+00      
3.61250000e+02      9.61422709e+00      
3.63750000e+02      1.04767863e+01      
3.66250000e+02      1.22837634e+01      
3.68750000e+02      1.19698451e+01      
3.71250000e+02      1.16797057e+01      
3.73750000e+02      9.78638626e+00      
3.76250000e+02      1.12008569e+01      
3.78750000e+02      1.25024478e+01      
3.81250000e+02      1.10617536e+01      
3.83750000e+02      7.90911613e+00      
3.85625050e+02      1.01737383e+01      
3.86875151e+02      1.03036861e+01      
3.88125252e+02      1.01672706e+01      
3.89375353e+02      1.14065999e+01      
3.90625353e+02      1.25131302e+01      
3.91875252e+02      1.23927460e+01      
3.93125151e+02      7.28010184e+00      
3.94375050e+02      1.02268524e+01      
3.96250000e+02      9.70000646e+00      
3.98750000e+02      1.46616518e+01      
4.01250000e+02      1.72329747e+01      
4.03750000e+02      1.70482729e+01      
4.06250000e+02      1.64506185e+01      
4.08750000e+02      1.68822316e+01      
4.11250000e+02      1.69595051e+01      
4.13750000e+02      1.75255824e+01      
4.16250000e+02      1.76257316e+01      
4.18750000e+02      1.72078323e+01      
4.21250000e+02      1.76662599e+01      
4.23750000e+02      1.70465400e+01      
4.26250000e+02      1.69555065e+01      
4.28750000e+02      1.59812400e+01      
4.31250000e+02      1.45642832e+01      
4.33750000e+02      1.62928115e+01      
4.36250000e+02      1.79059960e+01      
4.38750000e+02      1.74311233e+01      
4.41250000e+02      1.87843350e+01      
4.43750000e+02      1.94722476e+01      
4.45625561e+02      1.87145044e+01      
4.46876683e+02      1.95087203e+01      
4.48127805e+02      2.01410601e+01      
4.49378927e+02      2.01602115e+01      
4.50628927e+02      2.13326558e+01      
4.51877805e+02      2.10117257e+01      
4.53126683e+02      1.90386320e+01      
4.54375561e+02      2.05630913e+01      
4.56250000e+02      2.08031084e+01      
4.58750000e+02      2.05814356e+01      
4.61250000e+02      2.07457807e+01      
4.63750000e+02      2.06764652e+01      
4.66250000e+02      2.00614857e+01      
4.68750000e+02      2.02636334e+01      
4.71250000e+02      1.99556313e+01      
4.73750000e+02      2.06027450e+01      
4.76250000e+02      2.05193884e+01      
4.78750000e+02      2.08529292e+01      
4.81250000e+02      2.08627911e+01      
4.83750000e+02      2.03722153e+01      
4.86250000e+02      1.76982362e+01      
4.88750000e+02      1.95081678e+01      
4.91250000e+02      1.96087842e+01      
4.93750000e+02      1.97801413e+01      
4.96250000e+02      1.99815727e+01      
4.98750000e+02      1.94966193e+01      
5.01250000e+02      1.84511187e+01      
5.03750000e+02      1.91732472e+01      
5.06250000e+02      1.95600873e+01      
5.08750000e+02      1.85826964e+01      
5.11250000e+02      1.92881616e+01      
5.13750000e+02      1.82572901e+01      
5.16250000e+02      1.73550943e+01      
5.18750000e+02      1.73910043e+01      
5.21250000e+02      1.85947693e+01      
5.23750000e+02      1.83680306e+01      
5.26250000e+02      1.78820765e+01      
5.28750000e+02      1.87660126e+01      
5.31250000e+02      1.90873018e+01      
5.33750000e+02      1.81377193e+01      
5.35626888e+02      1.90727027e+01      
5.36880663e+02      1.84822893e+01      
5.38134438e+02      1.88426573e+01      
5.39388214e+02      1.84911115e+01      
5.40638214e+02      1.77025732e+01      
5.41884438e+02      1.85350516e+01      
5.43130663e+02      1.82282989e+01      
5.44376888e+02      1.87851932e+01      
5.45563869e+02      1.88611446e+01      
5.46691608e+02      1.89141775e+01      
5.47819347e+02      1.84643322e+01      
5.48947086e+02      1.86738677e+01      
5.50197086e+02      1.88112753e+01      
5.51569347e+02      1.86535479e+01      
5.52941608e+02      1.84340426e+01      
5.54313869e+02      1.89008352e+01      
5.56250000e+02      1.84769939e+01      
5.58750000e+02      1.78823986e+01      
5.61250000e+02      1.80379926e+01      
5.63750000e+02      1.84204019e+01      
5.65200540e+02      1.81996391e+01      
5.65601619e+02      1.78834470e+01      
5.66002698e+02      1.70716805e+01      
5.66403777e+02      1.78467107e+01      
5.67653777e+02      1.81905738e+01      
5.69752698e+02      1.78946783e+01      
5.71851619e+02      1.79375543e+01      
5.73950540e+02      1.84697471e+01      
5.76250000e+02      1.80562675e+01      
5.78750000e+02      1.79093430e+01      
5.81250000e+02      1.81287045e+01      
5.83750000e+02      1.82293868e+01      
5.86250000e+02      1.77608315e+01      
5.88750000e+02      1.69048275e+01      
5.91250000e+02      1.77245554e+01      
5.93750000e+02      1.76444972e+01      
5.96250000e+02      1.75569071e+01      
5.98750000e+02      1.73902107e+01      
6.01250000e+02      1.70879039e+01      
6.03750000e+02      1.73164515e+01      
6.05004234e+02      1.74449924e+01      
6.05012703e+02      1.74759961e+01      
6.05021172e+02      1.74795151e+01      
6.05029640e+02      1.73817005e+01      
6.06279640e+02      1.73565368e+01      
6.08771172e+02      1.72105106e+01      
6.11262703e+02      1.70348002e+01      
6.13754234e+02      1.67117343e+01      
6.16250000e+02      1.64250428e+01      
6.18750000e+02      1.67860646e+01      
6.21250000e+02      1.67790128e+01      
6.23750000e+02      1.63284685e+01      
6.26250000e+02      1.64415604e+01      
6.28750000e+02      1.66573019e+01      
6.31250000e+02      1.62370828e+01      
6.33750000e+02      1.62997457e+01      
6.36250000e+02      1.62292694e+01      
6.38750000e+02      1.62478333e+01      
6.41250000e+02      1.58685396e+01      
6.43750000e+02      1.60559235e+01      
6.46250000e+02      1.58200403e+01      
6.48750000e+02      1.56889261e+01      
6.51250000e+02      1.58231180e+01      
6.53750000e+02      1.56006723e+01      
6.56250000e+02      1.38397323e+01      
6.58750000e+02      1.51643987e+01      
6.61250000e+02      1.54356395e+01      
6.63750000e+02      1.51464163e+01      
6.65208336e+02      1.51482806e+01      
6.65625007e+02      1.52327598e+01      
6.66041679e+02      1.51691849e+01      
6.66458351e+02      1.48588237e+01      
6.67708351e+02      1.51592996e+01      
6.69791679e+02      1.52696321e+01      
6.71875007e+02      1.52158884e+01      
6.73958336e+02      1.52367418e+01      
6.76250000e+02      1.50674977e+01      
6.78750000e+02      1.48861842e+01      
6.81250000e+02      1.47708182e+01      
6.83750000e+02      1.46939536e+01      
6.85760623e+02      1.47732681e+01      
6.87281868e+02      1.49073897e+01      
6.88803113e+02      1.47080141e+01      
6.90324358e+02      1.46030069e+01      
6.91574358e+02      1.44241237e+01      
6.92553113e+02      1.43957410e+01      
6.93531868e+02      1.44137404e+01      
6.94510623e+02      1.44406610e+01      
6.96250000e+02      1.45671174e+01      
6.98750000e+02      1.44242337e+01      
7.01250000e+02      1.42149333e+01      
7.03750000e+02      1.43350913e+01      
7.06250000e+02      1.42407891e+01      
7.08750000e+02      1.40871637e+01      
7.11250000e+02      1.39071960e+01      
7.13750000e+02      1.37132702e+01      
7.16250000e+02      1.35989467e+01      
7.18750000e+02      1.34342097e+01      
7.21250000e+02      1.34559917e+01      
7.23750000e+02      1.34343212e+01      
7.26250000e+02      1.33560205e+01      
7.28750000e+02      1.30781196e+01      
7.31250000e+02      1.31842151e+01      
7.33750000e+02      1.31720705e+01      
7.36250000e+02      1.30446511e+01      
7.38750000e+02      1.28130262e+01      
7.41250000e+02      1.26728527e+01      
7.43750000e+02      1.28305796e+01      
7.45859962e+02      1.28079753e+01      
7.47579885e+02      1.28543862e+01      
7.49299808e+02      1.26580908e+01      
7.51019731e+02      1.26160479e+01      
7.52269731e+02      1.26132489e+01      
7.53049808e+02      1.26452862e+01      
7.53829885e+02      1.27075683e+01      
7.54609962e+02      1.26462474e+01      
7.56250000e+02      1.25905493e+01      
7.58750000e+02      1.24717478e+01      
7.61250000e+02      1.22523363e+01      
7.63750000e+02      1.23605263e+01      
7.66250000e+02      1.19485663e+01      
7.68750000e+02      1.21094090e+01      
7.71250000e+02      1.19744787e+01      
7.73750000e+02      1.19539865e+01      
7.75857604e+02      1.18005009e+01      
7.77572811e+02      1.17525692e+01      
7.79288018e+02      1.17156896e+01      
7.81003225e+02      1.16726080e+01      
7.82253225e+02      1.17754213e+01      
7.83038018e+02      1.15948308e+01      
7.83822811e+02      1.14803651e+01      
7.84607604e+02      1.16278841e+01      
7.86250000e+02      1.15185366e+01      
7.88750000e+02      1.15761729e+01      
7.91250000e+02      1.14499080e+01      
7.93750000e+02      1.11244585e+01      
7.96250000e+02      1.13632385e+01      
7.98750000e+02      1.12683964e+01      
8.01250000e+02      1.12106203e+01      
8.03750000e+02      1.11257155e+01      
8.06250000e+02      1.11118334e+01      
8.08750000e+02      1.09987162e+01      
8.11250000e+02      1.10772221e+01      
8.13750000e+02      1.10932668e+01      
8.16250000e+02      1.09761041e+01      
8.18750000e+02      1.06793543e+01      
8.21250000e+02      1.05785807e+01      
8.23750000e+02      1.07035196e+01      
8.26250000e+02      1.06972574e+01      
8.28750000e+02      1.05931351e+01      
8.31250000e+02      1.05463838e+01      
8.33750000e+02      1.02111084e+01      
8.35932497e+02      1.04255723e+01      
8.37797491e+02      1.03269401e+01      
8.39662485e+02      1.02703072e+01      
8.41527480e+02      1.02948965e+01      
8.42777480e+02      1.00710534e+01      
8.43412485e+02      1.00068634e+01      
8.44047491e+02      9.94099694e+00      
8.44682497e+02      1.02337859e+01      
8.46250000e+02      1.01365902e+01      
8.48750000e+02      9.79248037e+00      
8.51250000e+02      9.54408257e+00      
8.53750000e+02      8.51319763e+00      
8.56250000e+02      9.67924867e+00      
8.58750000e+02      9.73875673e+00      
8.61250000e+02      9.79554379e+00      
8.63750000e+02      9.92719117e+00      
8.66250000e+02      9.00950337e+00      
8.68750000e+02      9.70955654e+00      
8.71250000e+02      9.90084563e+00      
8.73750000e+02      9.71081254e+00      
8.76250000e+02      9.50905205e+00      
8.78750000e+02      9.56059000e+00      
8.81250000e+02      9.32365764e+00      
8.83750000e+02      9.36306335e+00      
8.85783196e+02      9.27110804e+00      
8.87349589e+02      9.12488576e+00      
8.88915982e+02      9.31604527e+00      
8.90482375e+02      9.34623527e+00      
8.91732375e+02      9.22716955e+00      
8.92665982e+02      9.00307080e+00      
8.93599589e+02      9.17246882e+00      
8.94533196e+02      8.99036871e+00      
8.96250000e+02      9.14371081e+00      
8.98750000e+02      9.06077372e+00      
9.01250000e+02      8.62957916e+00      
9.03750000e+02      9.00358732e+00      
9.06250000e+02      8.90556477e+00      
9.08750000e+02      8.65913292e+00      
9.11250000e+02      8.68753487e+00      
9.13750000e+02      8.81883117e+00      
9.16250000e+02      8.70344516e+00      
9.18750000e+02      8.66560272e+00      
9.21250000e+02      8.43215434e+00      
9.23750000e+02      8.24635562e+00      
9.26250000e+02      8.35947362e+00      
9.28750000e+02      8.48021735e+00      
9.31250000e+02      8.45287265e+00      
9.33750000e+02      8.43579320e+00      
9.36250000e+02      8.31401793e+00      
9.38750000e+02      8.31070173e+00      
9.41250000e+02      7.99521382e+00      
9.43750000e+02      8.10967086e+00      
9.46250000e+02      8.15052305e+00      
9.48750000e+02      8.16745353e+00      
9.51250000e+02      8.07681661e+00      
9.53750000e+02      7.90161863e+00      
9.55817304e+02      7.76771894e+00      
9.57451913e+02      7.90536046e+00      
9.59086521e+02      7.98462678e+00      
9.60721130e+02      7.84774679e+00      
9.61971130e+02      7.91431844e+00      
9.62836521e+02      7.77812929e+00      
9.63701913e+02      7.77776823e+00      
9.64567304e+02      7.81329056e+00      
9.66250000e+02      7.72976190e+00      
9.68750000e+02      7.74715881e+00      
9.71250000e+02      7.73004012e+00      
9.73750000e+02      7.61487384e+00      
9.76250000e+02      7.61607650e+00      
9.78750000e+02      7.56870921e+00      
9.81250000e+02      7.57580591e+00      
9.83750000e+02      7.51590349e+00      
9.86250000e+02      7.47113102e+00      
9.88750000e+02      7.39749123e+00      
9.91250000e+02      7.38016607e+00      
9.93750000e+02      7.38349840e+00      
9.96250000e+02      7.34365115e+00      
9.98750000e+02      7.29883688e+00      
1.00125000e+03      7.27979228e+00      
1.00375000e+03      7.09902523e+00      
1.00625000e+03      6.94494204e+00      
1.00875000e+03      7.14549224e+00      
1.01125000e+03      7.11025688e+00      
1.01375000e+03      7.04683753e+00      
1.01625000e+03      6.98092444e+00      
1.01875000e+03      6.91169627e+00      
1.02125000e+03      6.89247478e+00      
1.02375000e+03      6.93681379e+00      
1.02625000e+03      6.90466973e+00      
1.02875000e+03      6.84815847e+00      
1.03125000e+03      6.81479708e+00      
1.03375000e+03      6.69541659e+00      
1.03515868e+03      6.65205303e+00      
1.03547603e+03      6.73615008e+00      
1.03579339e+03      6.74892292e+00      
1.03611075e+03      6.75445460e+00      
1.03736075e+03      6.63534758e+00      
1.03954339e+03      6.66227538e+00      
1.04172603e+03      6.64815102e+00      
1.04390868e+03      6.62318720e+00      
1.04625000e+03      6.50707555e+00      
1.04875000e+03      6.57555536e+00      
1.05125000e+03      6.53266287e+00      
1.05375000e+03      6.49411380e+00      
1.05625000e+03      6.50107623e+00      
1.05875000e+03      6.36869932e+00      
1.06125000e+03      6.35649301e+00      
1.06375000e+03      6.36538766e+00      
1.06556484e+03      6.37339275e+00      
1.06669451e+03      6.23849544e+00      
1.06782418e+03      6.32905789e+00      
1.06895385e+03      6.00039191e+00      
1.07020385e+03      6.21944231e+00      
1.07157418e+03      6.26747110e+00      
1.07294451e+03      6.14383394e+00      
1.07431484e+03      6.20325968e+00      
1.07625000e+03      6.20754141e+00      
1.07875000e+03      6.15486426e+00      
1.08125000e+03      6.07752136e+00      
1.08375000e+03      6.03843023e+00      
1.08687500e+03      6.00997044e+00      
1.09062500e+03      6.02434839e+00      
1.09437500e+03      5.74956156e+00      
1.09812500e+03      5.83123179e+00      
1.10374294e+03      5.82327606e+00      
1.11122881e+03      5.76849023e+00      
1.11871468e+03      5.67464784e+00      
1.12620055e+03      5.54851033e+00      
1.13903128e+03      5.41416967e+00      
1.15720685e+03      5.26301168e+00      
1.17538242e+03      5.08542476e+00      
1.19355799e+03      4.90573524e+00      
1.21571375e+03      4.74117721e+00      
1.24184971e+03      4.54125261e+00      
1.26798566e+03      4.36325820e+00      
1.29412161e+03      4.14744873e+00      
1.32261778e+03      3.97377261e+00      
1.35347418e+03      3.79070550e+00      
1.38433059e+03      3.61438016e+00      
1.41518699e+03      3.42428115e+00      
1.44740644e+03      3.26341546e+00      
1.48098895e+03      3.08827152e+00      
1.51457146e+03      2.91283371e+00      
1.54815397e+03      2.76425661e+00      
1.58029753e+03      2.59408516e+00      
1.61100215e+03      2.47236328e+00      
1.64170676e+03      2.33320800e+00      
1.67241138e+03      2.19510811e+00      
1.70956790e+03      2.06748731e+00      
1.75317633e+03      1.89040415e+00      
1.79678476e+03      1.74487004e+00      
1.84039319e+03      1.61653999e+00      
1.88194796e+03      1.48035319e+00      
1.92144910e+03      1.39243367e+00      
1.96095023e+03      1.28138668e+00      
2.00045136e+03      1.20031107e+00      
2.04300708e+03      1.11156656e+00      
2.08861738e+03      1.03103509e+00      
2.13422769e+03      9.56643391e-01      
2.17983800e+03      8.74996510e-01      
2.23748645e+03      7.95867322e-01      
2.30717304e+03      7.07899944e-01      
2.37685964e+03      6.26832013e-01      
2.44654623e+03      5.67012658e-01      
2.50366265e+03      5.23775701e-01      
2.54820889e+03      4.91120324e-01      
2.59275514e+03      4.62590596e-01      
2.63730139e+03      4.34795297e-01      
2.69209120e+03      4.04965626e-01      
2.75712457e+03      3.74042794e-01      
2.82215795e+03      3.44733296e-01      
2.88719133e+03      3.18680909e-01      
2.94894192e+03      2.95752415e-01      
3.00740972e+03      2.75778205e-01      
3.06587753e+03      2.57631187e-01      
3.12434533e+03      2.42177708e-01      
3.16430572e+03      2.31386395e-01      
3.18575868e+03      2.24738314e-01      
3.20721164e+03      2.19498252e-01      
3.22866461e+03      2.14504559e-01      
3.24919847e+03      2.09435171e-01      
3.26881322e+03      2.05064903e-01      
3.28842798e+03      2.00837990e-01      
3.30804273e+03      1.96347625e-01      
3.32814434e+03      1.92365128e-01      
3.34873280e+03      1.88066897e-01      
3.36932126e+03      1.83944714e-01      
3.38990971e+03      1.80130831e-01      
3.41102225e+03      1.75959797e-01      
3.43265885e+03      1.72065393e-01      
3.45429546e+03      1.68357666e-01      
3.47593206e+03      1.64475400e-01      
3.49797380e+03      1.60747717e-01      
3.52042067e+03      1.57209173e-01      
3.54286754e+03      1.53650519e-01      
3.56531441e+03      1.50000534e-01      
3.58902943e+03      1.46527045e-01      
3.61401260e+03      1.42972153e-01      
3.63899577e+03      1.39479591e-01      
3.66397893e+03      1.36067080e-01      
3.68950149e+03      1.32573230e-01      
3.71556345e+03      1.29266992e-01      
3.74162540e+03      1.26041513e-01      
3.76768735e+03      1.22543276e-01      
3.80933142e+03      1.17626312e-01      
3.86655760e+03      1.11882570e-01      
3.92378378e+03      1.06048803e-01      
3.98100996e+03      1.00804090e-01      
4.02990538e+03      9.63621760e-02      
4.07047004e+03      9.26836729e-02      
4.11103469e+03      8.94298491e-02      
4.15159935e+03      8.57415873e-02      
4.21857828e+03      8.08765768e-02      
4.31197149e+03      7.50424707e-02      
4.40536469e+03      6.93515271e-02      
4.49875790e+03      6.42358511e-02      
4.58702880e+03      5.97791591e-02      
4.67017740e+03      5.58675972e-02      
4.75332600e+03      5.23369613e-02      
4.83647460e+03      4.91413839e-02      
4.90931845e+03      4.65017639e-02      
4.97185755e+03      4.42456864e-02      
5.03439665e+03      4.22511073e-02      
5.09693575e+03      4.03150997e-02      
5.16285533e+03      3.84196251e-02      
5.23215538e+03      3.65799602e-02      
5.30145544e+03      3.48174441e-02      
5.37075549e+03      3.31406192e-02      
5.44401556e+03      3.15106434e-02      
5.52123564e+03      2.98862574e-02      
5.59845573e+03      2.83730922e-02      
5.67567581e+03      2.69341753e-02      
5.75757587e+03      2.55178486e-02      
5.84415591e+03      2.41386959e-02      
5.93073595e+03      2.28357702e-02      
6.01731598e+03      2.15982490e-02      
6.10948187e+03      2.03916739e-02      
6.20723361e+03      1.92174307e-02      
6.30498534e+03      1.81158268e-02      
6.40273708e+03      1.70745167e-02      
6.50723028e+03      1.60586426e-02      
6.61846495e+03      1.50678134e-02      
6.72969961e+03      1.41485294e-02      
6.84093428e+03      1.32706438e-02      
6.96040857e+03      1.24281334e-02      
7.08812249e+03      1.16101320e-02      
7.21583641e+03      1.08446539e-02      
7.34355032e+03      1.01507724e-02      
7.46187353e+03      9.55080114e-03      
7.57080603e+03      9.02536505e-03      
7.67973852e+03      8.54630421e-03      
7.78867102e+03      8.09031351e-03      
7.90441173e+03      7.64444358e-03      
8.02696067e+03      7.21146655e-03      
8.14950961e+03      6.80470497e-03      
8.27205855e+03      6.40587308e-03      
8.41982520e+03      5.98662506e-03      
8.59280956e+03      5.55390757e-03      
8.76579392e+03      5.14067139e-03      
8.93877828e+03      4.79043006e-03      
9.07082057e+03      4.52580138e-03      
9.16192079e+03      4.33528313e-03      
9.25302100e+03      4.17211464e-03      
9.34412122e+03      4.00567005e-03      
9.46596241e+03      3.81071947e-03      
9.61854458e+03      3.59365605e-03      
9.77112675e+03      3.38193843e-03      
9.92370892e+03      3.18434847e-03      
1.00797873e+04      2.99652492e-03      
1.02393618e+04      2.82074377e-03      
1.03989363e+04      2.65698409e-03      
1.05585108e+04      2.50066310e-03      
1.07370822e+04      2.34297631e-03      
1.09346507e+04      2.18703157e-03      
1.11322191e+04      2.04049935e-03      
1.13297875e+04      1.89930571e-03      
1.15625002e+04      1.75536559e-03      
1.18303573e+04      1.61070686e-03      
1.20982144e+04      1.47606010e-03      
1.23660715e+04      1.35134383e-03      
1.26736112e+04      1.22824972e-03      
1.30208335e+04      1.10856478e-03      
1.33680558e+04      1.00048817e-03      
1.37152781e+04      9.07202397e-04      
1.40268412e+04      8.31103398e-04      
1.43027449e+04      7.67998048e-04      
1.45786486e+04      7.12758905e-04      
1.48545523e+04      6.61744786e-04      
1.51443729e+04      6.13612313e-04      
1.54481106e+04      5.68317396e-04      
1.57518482e+04      5.26324433e-04      
1.60555859e+04      4.85063890e-04      
1.64751008e+04      4.38634233e-04      
1.70103929e+04      3.89552394e-04      
1.75456851e+04      3.44962164e-04      
1.80809772e+04      3.07153396e-04      
1.85802979e+04      2.75903368e-04      
1.90436473e+04      2.49898543e-04      
1.95069966e+04      2.27429148e-04      
1.99703460e+04      2.06425479e-04      
2.05176771e+04      1.85648911e-04      
2.11489899e+04      1.65445571e-04      
2.17803028e+04      1.47341925e-04      
2.24116156e+04      1.30872116e-04      
2.31758368e+04      1.14729839e-04      
2.40729663e+04      9.93194105e-05      
2.49700959e+04      8.59451602e-05      
2.58672254e+04      7.46221800e-05      
2.68141952e+04      6.47525025e-05      
2.78110051e+04      5.61359752e-05      
2.88078151e+04      4.88463438e-05      
2.98046250e+04      4.24406713e-05      
3.09794371e+04      3.64394552e-05      
3.23322513e+04      3.09439251e-05      
3.36850655e+04      2.63014385e-05      
3.50378797e+04      2.21712265e-05      
3.69318190e+04      1.80254938e-05      
3.93668833e+04      1.42033183e-05      
4.18019476e+04      1.11865217e-05      
4.42370119e+04      8.76108088e-06      
4.75852261e+04      6.57640797e-06      
5.18465900e+04      4.76851051e-06      
5.61079540e+04      3.48032048e-06      
6.03693180e+04      2.49938509e-06      
6.71875000e+04      1.64751669e-06      
7.65625000e+04      1.01754729e-06      
8.59375000e+04      6.40550774e-07      
9.53125000e+04      4.43052448e-07      
1.00000000e+05      1.95510336e-07      
